4500
4513
4515
5389
5413
5763
5764
5887
5896
5909
5968
5979
5984
5986
5988
5989
6014
6112
6182
6267
6273
6276
6283
6313
6340
6341
6345
6359
6373
6389
6591
6594
6598
6613
6640
6646
6647
6726
6732
6735
6745
6765
6766
6788
7292
7514
7659
7665
7690
7698
7754
7755
7763
7765
7776
7778
7779
7780
7852
7853
7856
7860
7861
7862
7864
7865
7891
7903
8003
8308
8311
8452
8513
8516
8539
8680
8683
8724
8845
8846
8871
8884
8929
8933
8953
8956
8961
8973
8975
9011
9029
9176
9358
9365
9371
9502
9587
11550
11586
11619
11656
11847
11891
11927
11954
12456
14421
15371
15372
15374
15380
15388
15393
15403
15404
15406
15412
15420
15542
15554
15584
16136
16929
17735
17793
17824
18303
18321
18857
18891
19437
19439
19440
20458
20943
21027
21091
21799
21818
21824
21979
22387
22629
23094
23676
24757
25469
25470
27498
27501
27531
30236
30412
32111
33681
36128
36978
37620
37815
38682
38864
39709
41728
41729
42732
42736
42738
42746
42767
43044
43344
43348
43361
43372
43373
43377
43387
43475
43488
45884
45889
46391
46399
46403
47407
47696
48196
48348
48426
49051
49164
49307
49320
49441
49755
49878
50198
50209
50214
50278
50519
50920
51613
52503
52662
53020
53030
53032
53033
53035
53042
53044
53059
53074
53075
53087
53091
53116
53118
53126
53194
53205
53206
53207
53208
54307
54842
54888
54889
54890
54891
54893
54909
55276
55633
55672
55726
55799
55812
55815
56371
56761
56775
56804
56806
56847
56895
57230
57604
57606
57752
57873
58279
58324
58380
59442
59603
59614
59630
59646
59688
59704
59721
59731
59751
59820
59876
59877
59919
59972
59978
59992
60002
60007
60028
60036
60037
60040
60047
60050
60078
60085
60087
60089
60090
60095
60111
60113
60123
60129
60132
60140
60152
60153
60159
60166
60171
60181
60219
60242
60246
60262
60304
60305
60307
60308
60320
60323
60337
60349
60350
60354
60355
60360
60362
60402
60418
60428
60463
60521
60528
60533
60645
60904
61073
64305
64333
64371
64560
64760
64804
64806
64815
64816
64820
64825
64827
64830
64838
64839
64842
64846
64848
64849
64852
64853
64855
64856
64857
64858
64863
64865
64866
64868
64869
64873
64875
64878
64882
64883
64885
64886
64888
64894
64895
64896
64898
64899
64900
64906
64907
64912
64913
64929
64963
64991
65140
65186
65316
66398
66536
66546
66680
66724
66725
66834
66956
66957
66958
66962
66963
66977
66991
67073
67074
67077
67087
67100
67123
67134
67137
67168
67321
67322
67338
67339
67413
67414
67923
67935
67937
67938
68034
68037
68038
68040
68051
68113
68161
68949
69266
69776
70499
70621
71885
76814
76903
81267
81568
81856
81888
81934
82022
82073
82080
82089
82091
82092
82100
82101
82103
82106
82114
82115
82116
82117
82118
82119
82121
82122
82123
82124
82125
82126
82127
82128
82129
82131
82133
82134
82135
82137
82138
82140
82141
82142
82143
82144
82145
82146
82147
82148
82149
82150
82153
82154
82155
82156
82157
82158
82159
82160
82161
82162
82163
82164
82165
82167
82168
82169
82170
82171
82172
82174
82176
82177
82181
82184
82185
82186
82187
82189
82190
82192
82193
82194
82195
82196
82197
82198
82200
82238
82240
82279
82280
82281
82308
82312
82353
82363
82365
82367
82376
82377
82379
82393
82427
82450
82454
82669
82964
82983
83005
83329
83508
83512
83534
84289
84320
84660
84661
84662
85032
85305
85427
86631
86938
86939
86940
86941
86943
86945
86947
86953
86959
87519
87520
87521
87637
88060
88069
88075
88626
88627
88819
88820
88821
88822
88823
88824
88825
88826
88828
88829
88830
88831
88833
88990
89315
89923
89978
90106
91803
94335
95793
96205
97319
97910
97913
98331
98332
98646
102326
103315
103337
104121
104277
104279
105668
105703
105741
105751
105755
105758
105759
109165
110209
111793
112327
112785
113196
114385
115594
116578
116602
117277
117310
117472
117480
117739
118208
118219
118339
118387
118594
118873
118973
119116
119240
119302
119304
119784
119785
119820
119975
121176
121188
121190
121347
121348
121350
121352
121353
122892
125959
126254
126626
126804
126826
126887
126914
127186
128934
129073
129075
129667
129677
129689
130034
130063
130657
131467
131479
135487
135489
135505
135759
136674
137473
137474
138427
138509
138511
138571
139234
142935
145246
145378
145379
145739
147212
147820
148418
149327
149785
152590
154790
154791
155669
157328
157915
159120
160124
160191
160579
160705
161340
161588
161597
161690
161703
161707
164045
166343
166453
167254
168101
168351
168364
168884
168937
168957
169379
169385
169386
169390
169398
169585
169669
169670
169672
169676
169680
169735
169821
169822
169823
169826
169830
169831
169832
169834
169836
169843
170196
170254
170281
170767
171145
171152
171254
171343
171671
172231
172232
172237
172260
172490
172660
172677
172893
172917
172950
172954
172958
172960
173000
173005
173017
173037
173091
173596
173813
174509
174531
174556
174674
174689
174706
174737
174772
175480
175505
175549
176150
176658
177757
178222
178566
179489
180323
180339
180443
180471
180504
181255
181524
181795
182338
182367
182645
182770
183367
183933
184337
184608
184615
186800
187526
187541
187560
187602
187617
187620
189302
189360
190015
190657
190829
191312
191314
191317
193606
193842
194751
194851
194884
194936
195218
195254
195530
195596
195954
196000
196017
198674
198693
200587
202381
202635
202655
203241
206878
210138
210261
212040
214396
214448
214451
214455
214458
214504
214513
214515
214603
215514
215566
218095
218246
218506
218540
218541
218683
218687
218714
219416
219418
219460
219556
221879
226893
227285
227424
227522
227523
227541
227543
227545
227546
227547
227548
227550
227575
227579
227580
228266
228653
229687
230029
230038
232444
232492
232680
232926
233890
233892
234502
236080
236095
236117
237087
237088
237090
237426
237907
237919
237924
237939
238694
239042
239727
239728
239734
239740
239741
239757
239763
239802
239814
239862
239872
240194
241837
242112
242210
242274
242335
242340
242364
242389
242404
242409
242451
242457
243525
243528
243703
244642
244646
244649
244859
245119
245289
245870
246028
246067
246693
246779
246781
246935
247639
249386
249626
250020
250422
251418
252842
252854
252873
252920
253686
253769
253851
254524
254649
254782
254951
255319
255328
255463
255586
255752
262568
262593
262694
263078
263082
263256
263257
263262
263325
263327
263424
263427
263552
263562
263674
263675
263684
263687
263731
264266
264586
266009
266011
266037
266135
266136
266147
266171
266177
266193
266213
266240
266331
266336
266349
266445
266450
266456
267270
268930
268934
270579
271107
271771
271820
271824
271829
271848
271850
271852
271864
271880
271908
271909
271930
271947
271949
271988
271992
271999
272197
272212
272233
272234
272235
272239
272242
272294
272302
272332
272351
272352
272414
272418
272421
272448
272458
272482
272487
272572
272585
272656
272670
272711
272744
272747
272754
272862
272865
272886
272891
272900
273302
273303
273437
273978
273983
274021
274081
275265
275358
275802
276036
276039
276040
276041
276060
276111
276408
276521
276752
277728
277773
277778
277783
277834
277843
277859
277882
277994
278075
278091
278094
278126
278223
278394
278396
278684
278768
278773
278783
278793
278821
278836
278854
279119
279120
279121
279122
279177
279275
279282
279421
279519
279575
279665
279871
279913
280197
280205
280225
280354
280527
280589
280591
280623
280882
281187
281597
281606
282790
283219
283514
284281
284330
284371
285946
286402
286588
287375
287376
289420
289740
290147
290631
290762
291803
291987
293293
294055
294365
294412
294438
294591
295706
297351
297412
298394
298630
301034
301869
301989
303076
303317
303482
303897
303904
303941
304201
304371
304378
304403
304411
304801
304869
304885
305111
305617
305994
305997
306050
306179
306703
307395
307954
309776
310611
311499
311872
312007
312592
312598
312679
312688
312755
312773
312952
313687
314127
314291
315158
315249
315753
315858
317373
319401
319648
321089
321493
321504
321563
321677
321690
321701
321758
321762
321767
321855
321872
321874
321880
321902
321907
321922
321932
321941
321946
321949
321955
321957
321960
321961
322127
322132
322305
322310
322313
324652
325482
326692
326937
327409
328054
329390
331989
332015
332495
332536
332551
332579
332842
332872
332986
332997
335060
335061
335067
335106
335131
335171
335218
335219
337125
337227
341482
341824
344820
344896
345607
346549
346657
347270
347516
347832
347867
347877
352510
352512
354999
356819
356979
357358
358086
358087
358088
358089
358090
358092
358104
358147
358490
358492
358522
358581
360289
361388
361446
361554
362343
362517
362933
363219
363415
364338
364585
364586
364684
364787
365297
365389
365613
365788
366487
366879
366937
367025
367026
367035
370528
370894
370913
371379
371382
371386
371993
372387
376464
379509
386370
386701
386702
386708
386769
386798
386818
386823
386837
386893
386894
386896
386906
386907
386908
386909
386922
386923
386925
386926
386927
386928
386929
386930
386931
386932
386933
386934
386935
386937
386942
386943
386952
386953
386954
386957
386959
386973
386974
386976
386982
386986
386989
386990
387083
387115
387196
387841
388009
392059
394841
395217
395748
395769
400244
400615
400617
402648
402734
403957
404134
404418
404603
404747
404751
405394
405704
405912
406098
406300
406725
406744
406748
406774
407884
408241
409640
409641
410255
410445
412044
412924
413089
413124
413211
413218
413222
413245
413246
413288
413290
413676
413732
414623
415121
415181
415632
415711
415716
415727
415734
415807
416002
416761
417420
417992
420269
420283
420297
420309
420319
420320
420342
420344
420359
420367
420379
420380
420382
420385
420387
420388
420391
420392
420395
420396
420402
420405
420407
420408
420409
420420
420466
420474
420475
420476
420477
420478
420479
420482
420484
420485
420486
420494
420495
420496
420497
420501
420503
420505
420529
420543
420676
420690
423429
424959
424989
425168
427044
428528
428535
430722
430737
433392
433393
433510
433895
434324
438303
440287
440673
442007
442557
442584
442745
442747
444799
444886
444960
445240
446579
446653
446845
446973
446993
446994
447328
448119
448222
448319
448863
449925
449986
450027
450193
450243
450366
453941
454546
454560
455385
456246
457004
457043
457097
457162
459237
459240
459249
459411
459526
460203
460213
460311
460524
460597
460893
461928
462222
462697
465829
466336
467752
468751
468797
468916
468967
469127
469510
471280
471281
471296
471303
471745
471898
471902
471954
473125
473910
473913
474029
474384
477064
477997
478262
479952
479955
480054
480680
483273
483699
483783
484531
484927
484928
485211
485461
486222
486242
487753
487798
488079
488082
488083
488306
488307
488308
488347
488371
488476
488567
488580
489043
489044
490993
491006
491761
492662
492663
493703
495650
497234
497562
500365
500730
501417
502600
502872
503369
503695
503876
503925
503927
503928
503935
503943
503953
503954
503955
504021
504034
504035
504036
504202
504313
504522
504575
504580
504581
504598
505186
507400
507401
507404
507610
507615
507788
509910
509991
510060
510065
510720
511333
511661
511676
511733
511774
511829
512158
512203
512293
512395
516928
517434
518025
519323
519361
519378
519419
519939
520509
523573
524208
525614
527051
527582
528123
529312
531967
533848
535370
536730
536740
537478
537479
537481
537501
537574
537576
537577
537580
537716
537773
537774
537796
538167
539050
539340
539402
539465
539467
539473
539476
539554
539586
539587
539715
539766
539770
539786
539805
539879
539891
539897
539918
539920
539954
540399
540950
541013
541175
541694
541695
541696
541706
542055
542193
542390
543096
543099
543241
543242
543517
543590
543643
543847
543848
543849
544105
544107
544109
544110
544111
544113
544114
547908
547909
548382
549514
549810
549811
549813
549872
551016
551115
557552
557806
558116
558304
558319
558332
558347
558526
560133
563026
563126
563184
565108
565124
565126
565127
565159
568665
568995
569154
570967
571077
571426
571523
572251
572372
572619
572854
572855
573122
575048
575780
575951
577977
578027
578242
581813
581964
581972
581973
581974
581978
581980
581986
581992
582042
582050
582349
582761
582762
583666
583667
583707
583983
584277
584336
584374
584862
585180
585182
585705
585911
585923
585952
585953
585954
585958
585988
588671
589061
589062
589944
591307
595771
595872
596019
596024
596213
596439
597050
597143
598215
598216
598240
598781
598911
598931
598932
599008
599085
599194
599276
599290
599450
599813
599909
601217
601802
601984
601985
601988
601991
602002
602236
603580
606157
606194
606239
606279
606280
607818
607884
607888
607889
607931
607995
610154
610177
610386
614233
615096
616064
618142
618894
619251
619315
619317
619320
619324
619325
619489
619708
619969
619972
619974
619975
621585
621624
621853
621948
623044
623045
623046
624053
624422
625325
626136
627156
628365
630548
632427
632727
633106
633283
633291
633336
633547
634128
634129
634993
635365
635886
636839
637012
639652
640733
642570
642572
642582
643916
646344
646348
649746
650403
652939
654017
654025
657269
658809
659748
661834
661835
661836
661837
661840
661841
661842
661843
661844
661846
661859
661861
661863
662500
668691
668729
668734
668789
668800
668815
668816
668822
668823
668824
668847
668924
669873
674335
675833
676816
676828
676863
676896
678472
681141
681196
681286
681781
681822
681978
681980
682330
682474
682479
682556
682641
682643
683833
683841
685537
685924
686614
686871
688472
688548
688932
689430
690482
690503
692308
692310
692526
692777
692799
692938
693113
696045
696176
696428
696447
697817
700112
702666
703203
703690
707379
710149
711346
711904
713837
714158
715040
715062
715083
718616
719813
721356
722666
724703
725280
725380
726125
726230
727224
727232
727233
727234
728440
730535
731519
734558
735712
735784
736680
736749
736840
736841
737881
737882
737883
737884
737886
738622
738623
739166
739956
739964
740010
742015
744021
745180
746005
746084
746240
747122
747642
748325
748543
749096
749097
749106
750641
750753
750888
751034
751099
751119
751230
752289
752559
754570
756836
756855
756975
756976
756977
756978
756981
756988
757029
757070
757080
757082
757101
757136
757137
757138
757139
757141
757143
757144
757149
757150
757151
757152
757154
757155
757156
757157
757160
757170
757185
757211
757212
757221
757338
759692
759694
760222
761961
761966
762168
762219
762226
762362
762363
762449
762453
763392
763393
765608
765846
766688
767318
767549
771702
771959
771960
772378
773838
774628
775526
777573
778140
778291
778293
778395
779363
780056
780247
780248
780513
780520
780701
780705
785921
785961
786295
786913
789000
789809
790988
793051
793070
793096
793515
794437
794668
794669
795069
795211
797012
797027
797517
798378
799184
801059
802030
802031
802032
802052
802061
802375
802740
803142
803147
804254
807037
807290
807349
807527
807644
807821
807848
807869
807873
807897
807902
807905
808859
809444
809467
809475
811976
812430
813732
815477
815483
816564
816907
816911
816971
816979
817013
817030
817084
817101
817109
817164
817167
817185
817265
817302
817456
817457
817554
817879
817885
817897
817898
817900
817902
817904
817906
817911
817986
821466
822682
822704
822745
823403
823496
823527
823606
823649
823659
823786
823831
823961
823977
823978
823979
824024
824094
824164
824188
824194
824198
824202
824210
824223
824226
824241
824243
824377
824388
824409
824455
824557
824594
824627
824655
824725
824747
825378
825660
825697
825702
825703
825704
825708
825709
827080
827115
827135
827145
827202
827204
827215
827219
827220
827222
827253
827255
827686
827959
827984
828294
828798
828806
828827
828914
829169
829179
829356
829795
830622
831807
831808
832256
832392
832501
833241
833717
834905
835593
835651
835675
836196
839201
840227
841895
841980
842123
842873
843074
843414
843515
843516
844307
845237
845735
846596
846717
847337
847351
847574
847878
848416
850585
852268
853552
854167
858910
861481
862009
862615
864561
866378
866385
866386
866391
867493
867690
867693
867714
869679
869760
870531
871593
872226
872452
872626
872695
876726
876727
879820
880439
881000
881885
885247
887896
888423
889672
891204
894219
894387
895789
895791
895792
895795
895798
895799
895817
895827
896828
897308
897352
897464
897495
897522
899406
899734
899751
901722
901726
901727
901729
901730
902568
902643
903869
904227
906686
908027
909617
909620
910265
910336
910951
910953
911098
911209
911402
911408
911432
911435
911462
912906
912993
913014
914464
914465
914610
914657
914658
915418
915419
916555
916661
916841
916844
916848
916942
916948
916974
916976
916978
917002
917158
917389
917430
918013
921192
923934
924112
924318
925123
925243
926107
926155
926225
926237
926275
926288
926441
926839
928777
928988
929700
930101
930513
931327
940085
940089
940100
941526
942134
944159
945250
945251
945252
945264
946907
946943
946944
946945
946946
946970
946976
946977
946978
946979
946980
946981
946982
946983
946986
946987
947006
947008
947010
947012
947014
947017
947022
947033
947055
947825
948263
948264
950132
951575
951607
951608
954849
954857
955053
955218
955560
956028
956458
956475
957954
957955
958015
958485
958994
959263
959442
961224
961554
961628
961707
961710
961770
961861
962578
963022
963394
964451
964852
965789
966482
967394
967791
968652
969075
971693
973524
973531
973627
974135
974274
974281
975646
975719
975775
976046
976090
976315
976364
976402
976426
976865
976875
977097
977107
977505
977605
977618
977645
977776
977900
977912
977949
977976
978035
978040
978048
978062
978066
978336
978355
978367
978404
978417
978438
978452
978461
978470
978480
978481
978483
978484
978485
978488
978566
978572
978601
978655
978686
978876
978904
979006
979500
979509
979519
979915
979921
979928
980080
981393
981777
982241
983085
983320
983420
983552
983774
984101
984170
984208
984297
984395
984452
984518
984648
984855
985084
985644
985651
985851
986215
986414
986765
987437
987513
987583
987618
987679
987710
988218
988416
988566
988655
988717
989380
989529
989772
989880
989881
990023
990112
990136
990201
990218
990658
991398
992283
992450
992966
993910
994285
998730
998731
1000015
1003541
1003674
1005282
1005283
1005284
1005285
1005295
1005312
1006934
1007418
1007727
1013541
1013994
1014178
1015300
1017534
1017535
1017536
1017560
1017663
1021842
1021849
1021855
1021867
1022228
1022334
1022356
1022361
1022364
1022367
1022369
1022371
1022382
1022388
1022390
1022391
1022392
1022395
1022397
1022398
1022402
1022421
1022429
1022547
1022613
1022617
1022627
1023208
1023445
1023761
1023766
1024018
1024551
1024858
1024861
1025138
1025163
1025165
1025228
1025232
1025238
1025243
1025249
1025257
1025265
1025350
1025352
1025370
1025525
1025526
1025555
1025558
1025560
1025581
1025586
1025587
1025588
1026328
1026519
1026877
1026878
1027055
1028980
1029720
1030981
1032999
1033000
1033305
1033534
1033621
1033631
1033665
1033735
1034164
1034263
1034460
1034999
1035135
1035244
1035509
1036186
1036189
1036190
1036232
1036242
1036244
1036254
1036280
1036347
1036480
1036991
1037112
1037307
1037339
1037348
1037753
1038120
1038236
1038249
1038250
1038251
1038254
1038257
1038258
1038262
1038367
1038459
1038661
1038733
1038811
1038874
1039343
1039346
1039413
1039544
1039555
1039593
1039594
1039603
1039606
1039609
1039669
1039670
1039672
1039673
1039677
1039678
1039680
1039684
1039686
1039985
1039991
1040026
1040223
1040325
1040451
1040679
1040816
1040818
1040841
1041937
1044210
1044632
1044658
1044792
1044840
1044841
1048448
1051733
1054629
1055792
1055835
1056069
1056380
1056433
1056565
1057903
1058042
1058043
1058116
1058117
1058228
1058294
1058358
1058553
1058596
1058598
1058603
1058611
1058612
1058681
1058682
1058683
1058707
1058788
1058888
1059234
1059300
1059403
1059444
1059645
1059646
1059647
1059681
1059695
1059823
1060210
1060241
1060248
1060251
1060256
1060268
1060270
1060287
1060305
1060306
1060349
1060364
1060378
1060395
1060399
1060400
1060414
1060467
1060471
1060474
1060484
1060486
1060498
1060514
1060523
1060539
1060550
1060556
1060560
1060578
1060582
1060632
1060635
1060636
1060644
1060651
1060690
1060708
1060710
1060731
1060748
1060893
1060895
1060898
1060918
1060930
1060959
1060972
1060978
1060988
1060999
1061014
1061022
1061023
1061038
1061063
1061067
1061082
1061090
1061091
1061105
1061120
1061126
1061127
1061129
1061132
1061158
1061160
1061162
1061181
1061187
1061194
1061208
1061214
1061219
1061228
1061229
1061242
1061243
1061244
1061245
1061246
1061248
1061268
1061272
1061284
1061285
1061293
1061299
1061304
1061309
1061310
1061314
1061323
1061335
1061353
1061355
1061357
1061369
1061372
1061378
1061381
1061385
1061389
1061390
1061391
1061392
1061395
1061397
1061401
1061408
1061411
1061414
1061418
1061420
1061422
1061424
1061425
1061428
1061429
1061430
1061431
1061433
1061434
1061441
1061443
1061444
1061445
1061446
1061448
1061449
1061450
1061451
1061452
1061457
1061458
1061461
1061463
1061467
1061469
1061472
1061475
1061476
1061478
1061483
1061484
1061485
1061486
1061487
1061488
1061490
1061492
1061494
1061495
1061496
1061501
1061502
1061503
1061504
1061506
1061507
1061510
1061512
1061513
1061514
1061515
1061516
1061517
1061518
1061519
1061520
1061521
1061522
1061523
1061524
1061525
1061526
1061527
1061528
1061529
1061530
1061531
1061532
1061533
1061534
1061535
1061536
1061537
1061538
1061539
1061540
1061541
1061542
1061543
1061544
1061548
1061549
1061553
1061556
1061561
1061569
1061572
1061573
1061577
1061583
1061591
1061597
1061598
1061603
1061605
1061618
1061621
1061631
1061635
1061641
1061642
1061650
1061653
1061657
1061658
1061664
1061666
1061667
1061671
1061672
1061673
1061674
1061675
1061676
1061682
1061683
1061684
1061685
1061686
1061687
1061688
1061689
1061690
1061691
1061692
1061693
1061695
1061698
1061703
1061705
1061707
1061714
1061717
1061718
1061719
1061726
1061727
1061728
1061729
1061730
1061731
1061736
1061738
1061740
1061741
1061746
1061748
1061749
1061750
1061751
1061752
1061754
1061759
1061761
1061763
1061764
1061769
1061770
1061771
1061774
1061776
1061780
1061781
1061790
1061792
1061794
1061798
1061800
1061801
1061807
1061811
1061812
1061814
1061815
1061816
1061817
1061819
1061822
1061824
1061826
1061829
1061830
1061831
1061832
1061833
1061834
1061835
1061836
1061838
1061839
1061842
1061843
1061844
1061845
1061850
1061852
1061854
1061855
1061856
1061858
1061859
1061860
1061861
1061862
1061863
1061866
1061869
1061870
1061872
1061874
1061875
1061878
1061880
1061881
1061882
1061885
1061886
1061887
1061888
1061889
1061890
1061891
1061893
1061894
1061900
1061901
1061902
1061904
1061905
1061906
1061910
1061913
1061916
1061918
1061920
1061921
1061922
1061923
1061925
1061927
1061928
1061929
1061932
1061933
1061935
1061938
1061939
1061940
1061942
1061943
1061946
1061949
1061950
1061952
1061955
1061956
1061959
1061960
1061962
1061963
1061965
1061969
1061971
1061973
1061975
1061976
1061977
1061978
1061979
1061980
1061981
1061982
1061983
1061984
1061985
1061986
1061987
1061988
1061989
1061990
1061991
1061992
1061993
1061994
1061995
1061996
1061997
1061998
1061999
1062000
1062002
1062004
1062005
1062008
1062010
1062011
1062012
1062014
1062016
1062019
1062021
1062022
1062024
1062025
1062027
1062030
1062031
1062032
1062034
1062035
1062039
1062044
1062053
1062057
1062058
1062059
1062060
1062061
1062063
1062070
1062071
1062077
1062088
1062101
1062107
1062109
1062111
1062114
1062115
1062118
1062119
1062125
1062129
1062132
1062134
1062135
1062149
1062150
1062151
1062152
1062153
1062156
1062158
1062159
1062161
1062170
1062184
1062188
1062189
1062190
1062191
1062226
1062244
1062248
1062252
1062253
1062255
1062302
1062303
1062304
1062307
1062321
1062354
1062355
1062374
1062378
1062406
1062409
1062413
1062419
1062448
1062449
1062453
1062468
1062477
1062485
1062486
1062502
1062507
1062508
1062562
1062563
1062580
1062603
1062622
1062630
1062682
1062687
1062690
1062691
1062692
1062697
1062713
1062716
1062723
1062740
1062746
1062747
1062748
1062749
1062750
1062751
1062752
1062789
1062924
1062935
1062968
1063028
1063073
1063128
1063134
1063135
1063148
1063237
1063257
1063291
1063315
1063361
1063370
1063383
1063393
1063409
1063410
1063640
1063641
1063863
1063886
1063898
1064060
1064201
1064310
1064312
1064344
1064477
1065105
1065113
1065280
1065379
1065382
1065553
1067132
1068778
1071100
1071744
1072376
1073034
1077597
1079818
1079819
1080687
1081001
1081007
1081011
1081041
1081356
1084150
1085271
1089015
1089828
1089998
1090312
1090323
1090347
1090892
1090896
1090950
1090959
1091003
1091005
1091023
1091030
1091039
1091056
1091058
1091059
1091062
1091068
1091080
1091081
1091089
1091093
1091108
1091171
1091174
1091258
1091423
1091780
1091781
1091782
1091787
1091838
1091909
1092009
1092012
1092042
1092044
1092059
1092078
1092080
1092090
1092157
1092161
1092214
1092220
1092402
1093692
1093693
1094204
1094993
1095356
1097018
1099094
1099572
1100466
1100545
1101334
1101709
1101757
1101779
1101787
1101827
1101831
1101869
1101931
1101932
1101934
1101945
1101980
1102080
1102170
1102254
1102289
1102290
1102291
1102293
1102299
1102318
1102834
1105998
1106008
1106073
1106090
1106096
1107181
1108125
1108257
1108341
1108347
1108349
1108350
1108352
1108354
1109025
1109441
1111162
1111168
1111171
1112696
1113007
1113423
1113887
1113890
1113891
1113893
1113901
1113942
1113963
1113964
1113965
1113968
1113990
1114119
1114152
1114158
1114160
1114165
1114167
1114169
1114206
1114209
1114211
1114245
1114482
1114695
1115861
1115863
1117000
1118496
1118546
1118556
1118604
1118620
1118621
1118623
1118626
1118665
1118669
1118670
1118672
1118687
1118795
1118845
1119574
1120336
1121356
1122527
1122775
1122784
1122802
1123891
1123960
1123993
1124001
1124045
1124055
1124056
1124616
1125188
1125357
1125362
1125484
1125485
1125492
1126068
1126379
1128022
1128106
1128909
1129803
1130117
1130163
1130168
1130322
1130323
1130339
1130373
1130376
1130383
1131440
1131453
1132155
1132157
1132955
1133041
1133650
1133730
1134232
1134235
1134240
1134667
1134792
1134836
1134973
1135006
1136022
1136208
1136246
1136388
1136813
1137055
1137392
1137395
1137972
1139308
1140412
1140707
1142240
1142529
1142533
1142808
1142825
1142835
1142844
1142851
1142938
1143658
1144063
1144101
1144126
1144127
1144131
1144132
1144133
1144136
1144139
1144143
1144147
1144153
1144154
1144155
1144382
1144386
1144387
1144491
1144495
1144499
1144959
1144988
1145026
1145080
1145100
1145117
1147693
1147801
1148282
1149209
1149211
1149247
1149252
1149255
1151922
1151923
1152024
1152128
1152985
1152987
1152988
1152993
1152996
1152998
1153039
1153057
1153058
1153059
1153063
1153070
1153078
1153253
1153607
1153614
1153651
1153773
1153775
1153781
1153782
1153783
1153792
1153795
1153859
1153864
1153865
1153867
1153873
1153884
1153891
1153912
1153917
1153918
1153919
1153921
1153923
1153930
1153936
1153942
1153943
1153946
1153947
1153951
1153964
1153997
1154272
1155008
1155019
1155690
1156039
1157096
1157105
1157910
1159306
1159719
1159770
1159771
1159776
1159779
1159783
1159784
1159785
1159786
1159788
1159790
1160151
1160155
1160156
1160166
1160207
1160761
1160777
1160778
1161029
1161209
1161210
1161247
1161248
1161263
1161270
1161801
1161822
1161951
1162531
1162825
1162914
1162925
1163116
1163121
1163141
1163154
1163168
1163200
1163202
1163208
1163216
1163217
1163237
1163254
1163263
1163265
1163274
1163290
1163291
1163292
1163293
1163299
1163301
1163308
1163332
1163338
1163365
1163372
1163373
1163383
1163389
1163398
1163400
1163403
1163404
1163407
1163411
1163440
1163441
1163449
1163454
1163457
1163469
1163474
1163476
1163479
1163480
1163492
1163500
1163514
1163516
1163526
1163527
1163543
1163545
1163546
1163550
1163551
1163556
1163560
1163561
1163562
1163564
1163566
1163570
1163571
1163576
1163580
1163584
1163586
1163589
1163594
1163608
1163618
1163623
1163627
1163630
1163636
1163637
1163643
1163647
1163648
1163649
1163650
1163651
1163657
1163658
1163659
1163662
1163663
1163665
1163669
1163670
1163674
1163675
1163677
1163683
1163684
1163690
1163691
1163692
1163693
1163698
1163700
1163702
1163704
1163711
1163712
1163713
1163714
1163716
1163717
1163719
1163721
1163723
1163727
1163730
1163734
1163737
1163741
1163742
1163748
1163749
1163761
1163763
1163764
1163765
1163766
1163770
1163776
1163778
1163780
1163789
1163815
1163821
1163824
1163835
1163839
1163847
1163864
1163871
1163895
1163921
1163922
1163963
1163966
1163972
1163976
1163983
1163994
1163995
1164002
1164012
1164018
1164043
1164049
1164051
1164054
1164061
1164063
1164064
1164068
1164069
1164070
1164090
1164125
1164138
1164217
1164255
1164316
1164319
1164321
1164328
1164329
1164336
1164352
1164362
1164375
1164376
1164394
1164403
1164409
1164410
1164411
1164422
1164431
1164449
1164451
1164455
1164490
1164514
1164516
1164517
1164528
1164530
1164533
1164544
1164554
1164555
1164566
1164576
1164578
1164580
1164595
1164637
1164678
1164696
1164843
1164844
1164927
1164933
1164937
1165143
1165161
1165162
1165283
1165293
1165300
1165318
1165330
1165336
1165338
1165407
1165492
1165563
1165565
1165584
1165785
1165844
1165854
1165865
1165877
1166029
1166113
1166281
1166372
1167366
1167374
1167404
1167412
1167414
1167425
1167448
1167492
1167495
1167522
1167529
1167566
1167574
1167597
1167631
1167654
1167668
1167669
1167670
1167677
1167685
1167891
1167896
1167900
1167901
1167907
1167922
1167923
1167924
1167953
1167969
1167970
1167971
1167996
1167997
1167999
1168081
1168142
1168162
1168169
1168173
1168178
1168384
1168385
1168386
1168389
1168668
1168679
1168681
1168686
1168695
1168717
1168718
1168723
1168724
1168735
1168743
1168753
1168754
1168757
1168762
1168764
1168769
1168784
1168786
1168789
1168792
1168805
1168807
1168809
1168869
1168871
1168887
1168891
1168895
1168896
1168902
1168927
1168929
1168930
1168946
1168964
1168966
1168974
1168977
1168994
1168995
1168996
1169002
1169028
1169029
1169030
1169041
1169065
1169534
1169872
1169897
1169959
1170117
1170305
1171406
1171407
1171443
1172516
1172710
1172997
1173059
1173138
1173319
1173420
1173598
1174278
1174725
1174768
1174771
1174846
1174915
1174942
1174955
1174956
1174957
1174959
1174960
1174964
1174967
1174972
1174977
1175075
1175077
1175410
1175491
1175493
1175764
1175765
1175776
1175804
1176029
1176032
1176160
1176161
1176299
1176373
1176390
1176490
1176537
1176560
1176571
1176597
1176646
1176651
1176699
1176729
1176748
1176752
1176785
1176787
1176799
1176801
1176820
1176832
1176844
1176862
1176879
1176925
1176928
1176953
1176977
1176987
1177046
1177081
1177082
1177119
1177157
1177232
1177238
1177254
1177263
1177416
1177457
1177466
1177478
1177488
1177490
1177510
1177559
1177582
1177657
1177682
1177683
1177763
1177767
1177776
1177843
1177876
1177886
1177887
1177895
1177928
1177941
1177943
1177946
1177971
1177998
1178059
1178064
1178110
1178216
1178219
1178244
1178272
1178346
1178386
1178473
1178477
1178480
1178485
1178493
1178494
1178499
1178507
1178509
1178515
1178519
1178524
1178532
1178536
1178541
1178549
1178558
1178570
1178574
1178586
1178587
1178590
1178601
1178602
1178604
1178614
1178630
1178642
1178649
1178659
1178670
1178674
1178675
1178680
1178687
1178694
1178697
1178703
1178709
1178710
1178712
1178721
1178730
1178732
1178736
1178740
1178742
1178750
1178754
1178755
1178758
1178797
1178808
1178809
1178822
1178848
1178850
1178851
1178852
1178858
1178862
1178863
1178866
1178868
1178874
1178887
1178890
1178893
1178896
1178929
1178930
1178952
1178953
1178982
1178996
1178997
1178998
1179005
1179012
1179015
1179016
1179018
1179020
1179031
1179034
1179036
1179039
1179047
1179048
1179049
1179052
1179061
1179062
1179075
1179076
1179139
1179146
1179149
1179153
1179154
1179161
1179197
1179210
1179216
1179252
1179263
1179264
1179269
1179273
1179276
1179280
1179282
1179291
1179310
1179311
1179313
1179317
1179320
1179321
1179323
1179325
1179329
1179333
1179334
1179338
1179349
1179355
1179365
1179367
1179379
1179382
1179385
1179386
1179387
1179390
1179394
1179398
1179400
1179404
1179406
1179407
1179414
1179416
1179417
1179420
1179422
1179424
1179425
1179426
1179429
1179431
1179434
1179439
1179443
1179444
1179445
1179450
1179453
1179454
1179455
1179456
1179457
1179459
1179460
1179461
1179463
1179464
1179465
1179467
1179471
1179479
1179482
1179483
1179485
1179487
1179488
1179489
1179490
1179495
1179497
1179498
1179503
1179510
1179513
1179514
1179516
1179552
1179553
1179558
1179560
1179573
1179575
1179576
1179580
1179581
1179584
1179585
1179586
1179587
1179588
1179592
1179593
1179595
1179597
1179605
1179606
1179609
1179611
1179613
1179615
1179619
1179620
1179622
1179623
1179626
1179627
1179637
1179646
1179648
1179660
1179661
1179662
1179665
1179667
1179669
1179674
1179676
1179678
1179679
1179681
1179684
1179691
1179692
1179694
1179696
1179703
1179710
1179714
1179719
1179728
1179729
1179731
1179733
1179737
1179738
1179740
1179745
1179748
1179750
1179752
1179757
1179758
1179769
1179770
1179779
1179784
1179786
1179787
1179791
1179792
1179793
1179797
1179798
1179799
1179812
1179814
1179817
1179822
1179825
1179831
1179832
1179834
1179835
1179838
1179843
1179849
1179855
1179856
1179857
1179859
1179862
1179867
1179868
1179870
1179871
1179873
1179875
1179876
1179882
1179885
1179886
1179887
1179888
1179892
1179896
1179907
1179908
1179909
1179912
1179917
1179919
1179922
1179925
1179928
1179931
1179936
1179960
1179971
1179979
1180007
1180008
1180012
1180030
1180039
1180050
1180063
1180083
1180084
1180095
1180100
1180104
1180115
1180117
1180118
1180121
1180125
1180138
1180148
1180152
1180166
1180171
1180186
1180189
1180204
1180207
1180217
1180221
1180224
1180247
1180254
1180259
1180263
1180276
1180282
1180323
1180324
1180325
1180328
1180347
1180461
1180488
1180514
1180542
1180588
1180595
1180681
1180747
1180757
1180784
1180791
1180845
1180869
1181013
1181041
1181045
1181048
1181052
1181054
1181055
1181056
1181059
1181226
1181228
1181408
1181563
1181730
1181747
1181768
1181769
1181772
1181782
1181791
1181799
1181820
1181827
1181842
1181846
1182025
1182029
1182130
1182456
1182792
1182836
1182970
1183218
1183219
1183707
1183713
1183716
1183728
1183901
1183902
1183946
1183948
1183950
1184016
1184017
1184019
1184022
1184026
1184027
1184029
1184030
1184032
1184033
1184035
1184040
1184042
1184044
1184045
1184050
1184057
1184060
1184061
1184073
1184076
1184090
1184113
1184162
1184163
1184164
1184170
1184208
1184210
1184213
1184215
1184217
1184223
1184225
1184226
1184236
1184239
1184263
1184291
1184297
1184309
1184334
1184345
1184369
1184426
1184448
1184470
1184509
1184530
1184537
1184538
1184542
1184549
1184617
1184640
1184676
1184695
1184696
1184726
1184777
1184788
1184810
1184822
1184825
1184827
1184846
1184864
1184947
1185019
1185026
1185055
1185101
1185119
1185133
1185145
1185207
1185208
1185214
1185219
1185221
1185668
1185852
1186079
1186170
1186231
1186232
1186358
1186360
1186414
1186673
1186682
1186708
1186709
1186731
1188644
1189135
1189222
1189602
1189735
1190387
1193824
1193825
1195700
1195714
1196009
1196656
1196685
1198470
1201956
1202276
1202599
1202600
1202983
1202984
1204359
1204794
1204836
1205228
1205255
1205348
1206084
1208013
1208256
1208480
1209260
1209876
1211793
1212366
1213874
1213875
1214407
1215150
1215387
1218989
1218990
1222816
1224077
1224502
1224530
1224546
1224654
1225296
1226552
1227264
1231658
1231860
1232167
1232943
1233641
1233742
1233963
1233966
1234087
1234298
1234540
1234559
1234688
1234690
1234694
1236278
1236459
1237162
1237408
1239600
1240169
1242243
1244359
1245658
1247679
1249338
1250012
1250013
1250252
1252281
1253683
1253693
1253706
1254323
1256624
1256646
1256980
1257072
1257073
1258195
1258196
1258201
1258204
1258336
1258626
1258772
1261245
1262459
1264142
1264143
1264927
1265349
1265360
1265369
1265373
1265374
1265375
1265376
1265383
1265384
1265385
1265386
1265387
1265397
1265399
1265406
1265418
1265421
1265424
1265434
1265437
1265682
1265684
1267990
1267991
1267992
1267993
1267994
1268039
1268053
1268054
1268059
1268071
1268115
1268258
1268259
1268260
1268266
1268382
1268394
1268517
1268906
1273732
1279454
1279626
1283949
1283966
1284528
1288782
1294463
1297102
1297343
1299550
1299618
1301000
1301066
1301082
1302634
1313468
1313480
1317504
1319088
1319770
1321563
1322085
1322206
1323394
1325984
1326691
1327488
1327687
1327688
1327702
1327789
1327942
1328007
1328122
1328383
1328812
1329021
1329023
1329057
1329058
1329059
1329177
1329211
1329212
1329213
1329280
1329561
1331121
1332364
1332560
1332562
1332830
1333138
1333291
1333314
1333357
1333364
1333438
1333552
1333594
1333595
1333596
1333597
1333600
1333605
1333635
1333660
1333661
1333662
1333666
1333667
1333673
1333674
1333675
1333676
1333677
1333679
1333681
1333684
1333687
1333692
1333693
1333694
1333701
1333702
1333705
1333707
1333709
1333713
1333717
1333722
1333723
1333725
1333726
1333727
1333728
1333734
1333737
1333739
1333758
1333781
1333832
1333836
1333846
1333847
1333857
1333858
1333861
1333862
1333863
1333865
1333868
1333870
1333879
1333881
1333883
1333935
1333937
1333943
1333988
1334317
1335946
1336646
1338004
1338394
1339618
1341701
1341844
1342621
1342812
1342813
1342836
1343073
1343138
1343520
1344062
1344092
1344168
1344258
1344344
1344753
1344765
1344768
1345485
1353516
1354957
1356353
1358586
1358697
1358698
1358703
1358704
1358705
1358706
1358708
1358709
1358710
1358711
1358714
1358715
1358716
1358871
1359209
1359211
1359418
1359424
1361688
1362324
1362325
1362326
1362327
1362343
1362868
1363102
1363105
1363106
1363109
1363110
1363116
1363144
1363169
1373080
1374071
1374604
1375206
1375586
1375611
1375612
1375613
1375614
1375773
1375977
1376224
1376226
1376464
1376514
1376520
1376532
1376614
1376618
1376642
1376923
1376926
1376948
1377238
1377240
1377264
1377277
1378540
1378542
1378543
1379166
1379168
1381660
1381685
1382718
1383162
1383223
1383234
1383241
1383396
1383404
1386323
1386407
1386423
1386978
1387303
1387533
1387565
1387644
1388325
1389257
1390884
1391122
1391346
1391348
1391875
1392642
1392808
1392861
1393298
1393912
1393932
1393952
1397286
1398130
1398585
1398854
1398861
1398943
1398944
1398945
1398960
1399259
1399282
1399861
1399863
1399880
1399912
1399923
1399957
1399967
1399973
1399986
1400002
1400006
1400016
1400043
1400046
1400070
1400087
1400093
1400094
1400108
1400112
1400129
1400134
1400140
1400154
1400167
1400173
1400199
1400200
1400202
1400216
1400217
1400221
1400222
1400223
1400224
1400225
1400226
1400227
1400229
1400231
1400233
1400235
1400236
1400238
1400240
1400241
1400244
1400245
1400246
1400250
1400304
1400313
1400323
1400376
1400399
1400448
1400453
1400461
1400464
1400467
1400468
1400472
1400475
1400476
1400477
1400478
1400479
1400480
1400481
1400483
1400484
1400488
1400489
1400491
1400496
1400507
1400511
1400531
1400533
1400534
1400540
1400542
1400545
1400546
1400547
1400548
1400549
1400559
1400562
1400623
1400624
1400625
1400626
1400630
1400632
1400635
1400636
1400644
1400652
1400665
1400667
1400671
1400687
1400695
1400737
1400951
1401334
1401461
1401467
1401576
1401614
1401941
1401944
1401952
1401966
1401970
1401991
1402017
1402042
1402045
1402448
1402480
1402494
1402497
1402498
1402506
1402866
1402870
1402920
1402924
1403026
1403092
1403122
1403157
1403254
1403331
1403544
1403593
1403599
1403617
1403632
1403637
1403643
1403651
1403656
1403666
1403671
1403675
1403678
1403803
1403809
1403869
1403972
1404255
1404359
1404362
1404373
1404375
1404376
1404382
1404383
1404386
1404471
1404475
1404554
1404656
1404678
1404853
1406026
1406216
1406264
1406267
1406270
1406551
1406694
1407061
1407193
1407201
1407209
1407254
1407289
1407290
1407291
1407292
1407293
1407294
1407299
1407302
1407303
1407338
1407345
1407408
1407414
1407810
1408813
1409553
1409699
1409704
1409705
1409856
1409982
1410027
1410608
1411145
1411241
1412650
1413743
1413779
1414571
1418065
1422961
1425459
1425587
1426870
1427964
1431874
1433854
1433947
1434416
1439340
1439352
1440244
1441393
1442962
1445310
1448326
1449143
1449183
1449184
1455233
1455774
1456206
1457593
1458813
1458815
1458816
1458820
1458826
1458830
1458832
1459531
1459532
1459533
1459636
1459682
1459683
1461406
1465104
1470573
1470868
1472813
1473774
1477194
1477904
1478724
1483530
1483710
1484243
1484970
1486328
1486539
1486540
1486541
1486611
1489261
1491334
1491443
1493862
1494007
1494162
1494627
1494637
1494825
1494857
1494858
1494874
1495135
1495154
1495246
1495761
1496170
1496185
1496200
1496216
1496275
1496332
1496376
1496381
1496383
1496384
1496386
1496387
1496388
1496392
1496395
1496422
1496428
1496431
1496549
1496661
1496733
1496739
1496800
1496801
1496803
1496808
1496811
1496815
1496817
1496832
1496834
1496867
1498822
1498957
1499103
1499105
1499106
1499108
1499168
1499170
1499171
1499176
1499690
1499696
1499697
1499783
1499798
1499801
1499808
1499811
1499814
1499815
1499818
1499819
1499827
1499832
1499841
1499845
1502253
1502367
1502368
1502369
1502370
1502372
1502374
1502380
1502413
1502533
1502797
1503472
1503473
1503474
1503481
1503482
1503497
1503502
1503504
1503508
1503511
1503514
1503520
1503532
1503535
1503539
1503556
1503564
1503692
1503793
1503836
1504076
1504545
1504840
1506467
1506982
1507106
1507107
1507109
1507110
1507113
1507114
1507127
1507922
1508429
1508471
1509115
1509373
1509374
1509375
1510313
1510521
1511658
1511667
1511668
1512956
1513182
1513212
1513980
1513981
1515159
1515519
1515603
1516115
1516620
1518596
1518936
1519070
1519305
1526314
1527672
1527673
1527677
1527678
1527679
1527685
1527687
1527689
1527792
1529299
1529312
1531534
1533101
1534200
1535273
1535276
1535280
1535281
1535282
1535284
1535286
1535287
1535331
1535533
1535815
1536049
1536198
1536236
1537105
1537109
1537123
1537128
1537151
1537153
1537248
1537348
1537365
1537391
1537411
1537416
1537444
1537455
1537476
1537487
1537513
1537556
1537586
1537588
1537607
1537632
1537659
1537692
1537701
1537702
1537708
1537711
1537712
1537718
1537720
1537722
1537730
1537732
1537739
1537749
1537756
1537757
1537759
1537760
1537761
1537762
1537763
1537769
1537771
1537773
1537774
1537775
1537782
1537785
1537787
1537788
1537791
1537799
1537803
1537804
1537808
1537809
1537810
1537812
1537813
1537814
1537816
1537817
1537819
1537826
1537830
1537832
1537833
1537836
1537837
1537847
1537852
1537855
1537857
1537860
1537863
1537865
1537867
1537868
1537873
1537878
1537895
1537901
1537907
1537910
1537911
1537916
1537946
1537947
1538047
1538048
1538051
1538055
1538056
1538057
1538058
1538059
1538131
1538134
1538152
1539331
1539426
1539435
1539436
1539438
1539443
1539444
1539938
1541602
1541870
1541963
1542165
1542970
1543174
1543194
1543196
1543339
1543485
1543537
1543708
1544039
1544041
1544428
1544429
1544496
1544903
1545124
1545184
1545220
1545265
1545350
1545378
1545398
1545400
1545465
1545466
1545467
1545494
1545533
1548284
1549574
1549575
1552961
1556022
1556688
1557045
1557989
1557996
1558661
1558751
1560512
1561375
1561429
1562449
1562654
1562717
1563783
1563888
1568493
1568550
1573167
1573173
1573348
1574212
1575564
1576139
1576342
1576642
1577279
1579225
1580080
1583657
1584745
1585061
1586939
1589749
1590249
1592469
1592481
1592491
1592497
1592499
1593334
1593335
1593337
1593511
1593514
1593515
1593704
1593917
1595614
1595759
1595803
1595903
1595904
1595905
1595909
1595912
1595943
1595949
1595961
1595971
1598270
1600268
1600828
1604781
1604841
1604923
1606179
1606460
1606494
1607322
1608341
1609236
1609252
1609975
1610601
1610784
1611120
1611913
1612964
1613676
1613782
1613843
1613872
1614085
1614237
1614241
1614502
1614607
1614609
1614612
1614668
1614670
1614671
1614673
1615949
1616166
1616167
1616193
1616301
1616362
1618877
1618935
1619836
1620671
1620672
1620676
1625542
1625577
1628272
1628994
1634880
1635941
1637978
1637980
1638022
1638971
1638983
1641175
1641659
1641816
1642636
1642637
1642639
1642648
1643167
1644058
1644159
1644237
1644476
1644532
1644607
1644663
1644707
1644852
1645649
1645746
1646790
1646986
1647426
1647596
1647646
1647746
1647902
1647910
1647963
1647991
1648012
1648020
1648022
1648032
1649615
1649621
1649626
1650262
1650269
1650273
1650348
1650613
1650620
1650799
1650804
1650856
1650860
1650896
1651384
1652069
1652224
1652225
1652471
1652618
1652619
1652628
1652683
1653406
1654836
1654908
1655026
1655434
1655582
1655689
1655718
1655802
1655803
1655806
1655811
1656008
1656162
1656185
1656462
1659192
1660357
1661640
1661641
1662522
1664219
1665124
1666834
1667901
1667951
1668216
1668454
1671199
1671203
1672502
1673064
1673089
1674995
1675436
1676264
1680973
1681003
1681118
1682763
1682764
1683127
1684420
1684493
1684610
1684632
1686440
1687029
1692276
1693839
1693851
1693897
1695267
1698948
1700041
1700045
1701125
1701147
1701365
1703417
1703437
1704289
1706002
1706862
1708174
1710402
1711365
1711935
1713145
1714528
1714617
1714790
1714804
1714827
1714845
1714846
1714847
1714862
1714886
1715239
1715242
1715245
1715249
1716151
1716285
1716289
1719291
1719292
1722044
1722074
1723445
1725162
1725536
1725777
1726082
1726132
1726421
1726447
1726858
1726863
1726903
1726908
1726918
1726953
1727092
1727111
1727115
1727117
1727138
1727208
1727217
1727226
1727826
1727829
1728090
1728107
1728423
1728557
1729235
1729767
1729776
1729802
1729916
1730397
1731556
1731557
1731599
1732074
1732702
1732703
1734175
1735117
1738058
1738060
1738557
1738826
1739073
1739177
1739350
1739364
1739556
1739590
1739733
1739741
1739928
1739932
1739936
1739942
1740121
1740301
1740339
1740406
1740412
1740435
1740436
1740437
1740472
1740485
1740503
1740579
1740615
1740617
1740635
1740763
1740768
1740801
1740882
1740883
1740894
1740931
1740960
1741075
1741097
1741154
1741170
1741214
1741562
1741564
1741569
1741628
1741720
1741790
1742813
1743441
1743515
1743573
1743870
1743930
1744096
1745135
1746039
1746317
1746950
1750424
1752161
1752657
1752659
1753453
1754872
1757206
1757255
1757262
1765123
1765941
1766106
1766673
1766688
1770884
1771546
1771933
1776367
1777768
1777784
1777817
1777975
1778190
1778192
1778262
1778633
1778654
1778738
1778751
1779208
1779754
1779819
1779991
1780122
1780123
1780162
1780891
1781081
1782420
1782606
1782816
1782817
1782818
1782819
1782822
1782851
1782852
1782853
1782854
1782858
1782865
1782870
1782881
1782947
1783012
1783125
1783557
1783610
1783620
1783621
1783622
1783671
1783682
1783690
1783748
1784099
1784209
1784211
1784301
1784332
1784358
1784433
1784524
1784565
1784578
1784921
1784950
1785139
1785142
1785147
1785151
1785409
1785462
1785463
1785527
1785702
1785722
1785725
1785744
1785745
1785752
1785768
1785779
1785794
1786889
1789144
1790240
1790342
1790352
1790353
1790354
1790378
1790663
1790664
1790971
