6598
8846
19437
23676
50214
59972
64305
64856
64857
64898
67137
67321
76903
84660
119785
121347
121348
121350
121353
129689
138509
147820
161597
167254
170196
171152
180323
180471
180504
200587
214396
214448
218095
218683
219418
242364
242409
263675
277859
321855
332551
358087
358088
358090
358092
366937
370894
371379
371382
386906
409641
410445
416761
417420
420395
420474
420505
420690
473913
474029
539050
539465
539476
540950
541694
541695
541706
542055
542193
542390
549872
572251
575780
598216
598781
599085
599290
599909
632427
715062
749096
750641
751119
771959
771960
777573
802031
816911
817265
823659
824594
896828
901727
916841
916848
926107
978601
978876
1039606
1058707
1059647
1060414
1060474
1060550
1060918
1061214
1061299
1061418
1061430
1061443
1061504
1061597
1061641
1061858
1062039
1062188
1062226
1062419
1063410
1064344
1067132
1089998
1091258
1091909
1092009
1108349
1132955
1133041
1133650
1133730
1134232
1134235
1134240
1134667
1134792
1134836
1137395
1140707
1144132
1153891
1153921
1153964
1159306
1159719
1159770
1159771
1159776
1159779
1159783
1159784
1159785
1159786
1159790
1160151
1160155
1160156
1160166
1160207
1160761
1160778
1161822
1163154
1163492
1163516
1164516
1165854
1167522
1167631
1167669
1167924
1167971
1168386
1168871
1168895
1168896
1169872
1175077
1178642
1179216
1179817
1181799
1185208
1224654
1245658
1256646
1257072
1257073
1258336
1301082
1313468
1313480
1344092
1376948
1392642
1392808
1400475
1400559
1400695
1400951
1401334
1403671
1403678
1412650
1413743
1457593
1496185
1496803
1496811
1499811
1513980
1513981
1534200
1537348
1557996
1614609
1634880
1637978
1641816
1648012
1654908
1681003
1706002
1725162
1729767
1771933
1778633
1782865
1782870
1783012
1783125
