49755
82177
98332
121347
121348
187541
187620
195254
236117
239728
242457
244642
279122
280225
325482
337227
346549
364585
367025
370894
386923
386943
405704
413732
424959
433392
537577
540950
541013
548382
610154
619317
785921
802740
817457
823606
896828
987583
1041937
1060414
1061424
1061776
1061814
1061815
1061817
1061819
1061960
1061978
1061987
1061991
1061992
1061993
1061996
1062252
1125357
1134232
1159788
1163290
1163291
1164012
1167668
1168385
1168679
1174967
1177946
1179036
1179264
1179310
1179311
1179498
1179886
1180117
1184210
1184537
1185208
1262459
1313468
1358586
1358871
1362325
1387565
1400313
1457593
1495761
1496376
1502797
1529299
1535282
1537760
1576342
1576642
1609252
1613676
1643167
1684420
1790352
